18 19
1 2 3 1 2 4 2 3 4 6 7 3 6 2 7 6 5 6 7
1 2 3 1 2 3 2 3 4 6 7 3 6 2 7 6 5 6 7
1 2 1 1 2 1 2 3 4 6 7 3 6 2 7 6 5 6 7
3 2 1 3 2 1 2 3 4 6 7 3 6 2 7 6 5 6 7
1 2 3 3 2 1 2 3 4 6 7 3 6 2 7 6 5 6 7
1 1 2 2 3 3 2 3 4 6 7 3 6 2 7 6 5 6 7
1 2 3 1 2 4 2 3 4 6 7 3 6 2 7 6 5 6 7
1 2 3 1 2 3 2 3 4 6 7 3 6 2 7 6 5 6 7
1 2 1 1 2 1 2 3 4 6 7 3 6 2 7 6 5 6 7
3 2 1 3 2 1 2 3 4 6 7 3 6 2 7 6 5 6 7
1 2 3 3 2 1 2 3 4 6 7 3 6 2 7 6 5 6 7
1 1 2 2 3 3 2 3 4 6 7 3 6 2 7 6 5 6 7
1 2 3 1 2 4 2 3 4 6 7 3 6 2 7 6 5 6 7
1 2 3 1 2 3 2 3 4 6 7 3 6 2 7 6 5 6 7
1 2 1 1 2 1 2 3 4 6 7 3 6 2 7 6 5 6 7
3 2 1 3 2 1 2 3 4 6 7 3 6 2 7 6 5 6 7
1 2 3 3 2 1 2 3 4 6 7 3 6 2 7 6 5 6 7
1 1 2 2 3 3 2 3 4 6 7 3 6 2 7 6 5 6 7